 68  68  68  68  68  68  68  68  68  68  68  68  68  68  68  68
 68 255 255 255 255 255 255 255 255 255 255 255 255 255 255  68
 68 255 255 255 255 204  69 255 255 255 255 255 255 255 255  68
 68 255 255 255 254 254 254 254 254 255 255 255 255 255 255  68
 68 255 255 243 254 254 254 254 254 255 255 255 255 255 255  68
 68 255 255 254 254 254 254 254 254 254 255 255 255 255 255  68
 68 255 255 254 254 254 254 254 254 117 255 255 255 255 255  68
 68 255 255 255 254 254 254 234 234 234 234 250 255 255 255  68
 68 255 255 255 255 254 234 234 234 234 234 234 255 255 255  68
 68 255 255 255 255 255 234 234 234 234 234 234 235 255 255  68
 68 255 255 255 255 255 234 234 234 234 234 234 255 255 255  68
 68 255 255 255 255 255 254 234 234 234 234 234 255 255 255  68
 68 255 255 255 255 255 255 255 234 234 234 255 255 255 255  68
 68 255 255 255 255 255 255 255 255 255 255 255 255 255 255  68
 68 255 255 255 255 255 255 255 255 255 255 255 255 255 255  68
 68  68  68  68  68  68  68  68  68  68  68  68  68  68  68  68
154 154 154 154 154 154 154 154 154 154 154 154 154 154 154 154
154 255 255 255 255 255 255 255 255 255 255 255 255 255 255 154
154 255 255 255 255 227 152 255 255 255 255 255 255 255 255 154
154 255 255 255   0   0   0   0   0 255 255 255 255 255 255 154
154 255 255  10   0   0   0   0   0 255 255 255 255 255 255 154
154 255 255   0   0   0   0   0   0   0 255 255 255 255 255 154
154 255 255   0   0   0   0   0   0 179 255 255 255 255 255 154
154 255 255 255   0   0   0 160 160 160 160 232 255 255 255 154
154 255 255 255 255   0 160 160 160 160 160 160 255 255 255 154
154 255 255 255 255 255 160 160 160 160 160 160 166 255 255 154
154 255 255 255 255 255 160 160 160 160 160 160 255 255 255 154
154 255 255 255 255 255 255 160 160 160 160 160 255 255 255 154
154 255 255 255 255 255 255 255 160 160 160 255 255 255 255 154
154 255 255 255 255 255 255 255 255 255 255 255 255 255 255 154
154 255 255 255 255 255 255 255 255 255 255 255 255 255 255 154
154 154 154 154 154 154 154 154 154 154 154 154 154 154 154 154
  0   0   0   0   0   0   0   0   0   0   0   0   0   0   0   0
  0 255 255 255 255 255 255 255 255 255 255 255 255 255 255   0
  0 255 255 255 255 185   0 255 255 255 255 255 255 255 255   0
  0 255 255 255   0   0   0   0   0 255 255 255 255 255 255   0
  0 255 255   0   0   0   0   0   0 255 255 255 255 255 255   0
  0 255 255   0   0   0   0   0   0   0 255 255 255 255 255   0
  0 255 255   0   0   0   0   0   0  66 255 255 255 255 255   0
  0 255 255 255   0   0   0   1   0   0   0   1 255 255 255   0
  0 255 255 255 255   0   0   0   0   0   0   0 255 255 255   0
  0 255 255 255 255 255   0   0   0   0   0   0   0 255 255   0
  0 255 255 255 255 255   0   0   0   0   0   0 122 255 255   0
  0 255 255 255 255 255  85   0   0   0   0   0 255 255 255   0
  0 255 255 255 255 255 255  22   0   0   0 255 255 255 255   0
  0 255 255 255 255 255 255 255 255 255 255 255 255 255 255   0
  0 255 255 255 255 255 255 255 255 255 255 255 255 255 255   0
  0   0   0   0   0   0   0   0   0   0   0   0   0   0   0   0

 68  68  68  68  68  68  68  68  68  68  68  68  68  68  68  68
 68 159 198 198 198 198 198 198 198 198 198 198 198 198 159  68
 68 198 255 255 255 255 255 255 255 255 255 255 255 255 198  68
 68 198 255 255 255 255 255 254 251 243 246 251 255 255 198  68
 68 198 255 255 255 255 255 244 234 234 234 235 250 255 198  68
 68 198 255 255 255 255 252 234 234 234 234 234 237 254 198  68
 68 198 255 248 227 228 233 234 234 234 234 234 234 254 198  68
 68 198 253 223 254 254 249 234 234 234 234 234 235 254 198  68
 68 198 226 253 254 254 253 239 234 234 234 234 245 255 198  68
 68 198 229 254 254 254 254 252 237 237 237 245 254 255 198  68
 68 198 229 254 254 254 254 254 228 253 254 255 255 255 198  68
 68 198 242 233 254 254 254 252 226 255 255 255 255 255 198  68
 68 198 255 237 228 229 227 226 254 255 255 255 255 255 198  68
 68 198 255 255 255 254 254 255 255 255 255 255 255 255 198  68
 68 159 198 198 198 198 198 198 198 198 198 198 198 198 159  68
 68  68  68  68  68  68  68  68  68  68  68  68  68  68  68  68
154 154 154 154 154 154 154 154 154 154 154 154 154 154 154 154
154 202 224 224 224 224 224 224 224 224 224 224 224 224 202 154
154 224 255 255 255 255 255 255 255 255 255 255 255 255 224 154
154 224 255 255 255 255 255 254 241 207 219 243 255 255 224 154
154 224 255 255 255 255 255 212 160 160 160 166 239 255 224 154
154 224 255 255 255 255 244 164 160 160 160 160 176 254 224 154
154 224 255 250 174  95 150 160 160 160 160 160 162 254 224 154
154 224 253  75   0   0  63 160 160 160 160 160 166 253 224 154
154 224 175   0   0   0  12 142 160 160 160 160 215 255 224 154
154 224 129   0   0   0   0  23 130 177 177 217 253 255 224 154
154 224 154   0   0   0   0   0  45 253 254 255 255 255 224 154
154 224 239  47   0   0   0   0 183 255 255 255 255 255 224 154
154 224 255 226  99  42  65 177 254 255 255 255 255 255 224 154
154 224 255 255 255 254 254 255 255 255 255 255 255 255 224 154
154 202 224 224 224 224 224 224 224 224 224 224 224 224 202 154
154 154 154 154 154 154 154 154 154 154 154 154 154 154 154 154
  0   0   0   0   0   0   0   0   0   0   0   0   0   0   0   0
  0 124 178 178 178 178 178 178 178 178 178 178 178 178 124   0
  0 178 255 255 255 255 255 255 255 255 255 255 255 255 178   0
  0 178 255 255 255 255 255 254 186  93 126 197 255 255 178   0
  0 178 255 255 255 255 255  99   0   0   0   4 183 255 178   0
  0 178 255 255 255 255 200   1   0   0   0   0  13 251 178   0
  0 178 255 245 153  74  59   0   0   0   0   0   0 229 178   0
  0 178 252  50   0   0   0   0   0   0   0   0   4 228 178   0
  0 178 153   0   0   0   0   0   0   0   0   0 111 255 178   0
  0 178 110   0   0   0   0   0   0  16  19 121 241 255 178   0
  0 178 134   0   0   0   0   0  24 251 248 255 255 255 178   0
  0 178 230  31   0   0   0   0 161 255 255 255 255 255 178   0
  0 178 255 213  78  21  44 155 253 255 255 255 255 255 178   0
  0 178 255 255 255 254 254 255 255 255 255 255 255 255 178   0
  0 124 178 178 178 178 178 178 178 178 178 178 178 178 124   0
  0   0   0   0   0   0   0   0   0   0   0   0   0   0   0   0

 68  68  68  68  68  68  68  68  68  68  68  68  68  68  68  68
 68 159 198 198 198 198 198 198 198 198 198 198 198 198 159  68
 68 198 255 255 255 254 254 254 255 255 255 255 255 255 198  68
 68 198 255 255 250 237 234 235 245 254 255 255 255 255 198  68
 68 198 255 251 235 234 234 234 234 245 255 255 255 255 198  68
 68 198 255 246 234 234 234 234 234 237 254 255 255 255 198  68
 68 198 255 243 234 234 234 234 234 237 253 255 255 255 198  68
 68 198 255 251 234 234 234 234 234 237 228 226 254 255 198  68
 68 198 255 254 244 234 234 234 239 252 254 252 226 255 198  68
 68 198 255 255 255 252 233 249 253 254 254 254 227 254 198  68
 68 198 255 255 255 255 228 254 254 254 254 254 229 254 198  68
 68 198 255 255 255 255 227 254 254 254 254 254 228 255 198  68
 68 198 255 255 255 255 248 223 253 254 254 233 237 255 198  68
 68 198 255 255 255 255 255 253 226 229 229 242 255 255 198  68
 68 159 198 198 198 198 198 198 198 198 198 198 198 198 159  68
 68  68  68  68  68  68  68  68  68  68  68  68  68  68  68  68
154 154 154 154 154 154 154 154 154 154 154 154 154 154 154 154
154 202 224 224 224 224 224 224 224 224 224 224 224 224 202 154
154 224 255 255 255 254 254 253 255 255 255 255 255 255 224 154
154 224 255 255 239 176 162 166 215 253 255 255 255 255 224 154
154 224 255 243 166 160 160 160 160 217 255 255 255 255 224 154
154 224 255 219 160 160 160 160 160 177 254 255 255 255 224 154
154 224 255 207 160 160 160 160 160 177 253 255 255 255 224 154
154 224 255 241 160 160 160 160 160 130  45 183 254 255 224 154
154 224 255 254 212 164 160 160 142  23   0   0 177 255 224 154
154 224 255 255 255 244 150  63  12   0   0   0  65 254 224 154
154 224 255 255 255 255  95   0   0   0   0   0  42 254 224 154
154 224 255 255 255 255 174   0   0   0   0   0  99 255 224 154
154 224 255 255 255 255 250  75   0   0   0  47 226 255 224 154
154 224 255 255 255 255 255 253 175 129 154 239 255 255 224 154
154 202 224 224 224 224 224 224 224 224 224 224 224 224 202 154
154 154 154 154 154 154 154 154 154 154 154 154 154 154 154 154
  0   0   0   0   0   0   0   0   0   0   0   0   0   0   0   0
  0 124 178 178 178 178 178 178 178 178 178 178 178 178 124   0
  0 178 255 255 255 251 229 228 255 255 255 255 255 255 178   0
  0 178 255 255 183  13   0   4 111 241 255 255 255 255 178   0
  0 178 255 197   4   0   0   0   0 121 255 255 255 255 178   0
  0 178 255 126   0   0   0   0   0  19 248 255 255 255 178   0
  0 178 255  93   0   0   0   0   0  16 251 255 255 255 178   0
  0 178 255 186   0   0   0   0   0   0  24 161 253 255 178   0
  0 178 255 254  99   1   0   0   0   0   0   0 155 255 178   0
  0 178 255 255 255 200  59   0   0   0   0   0  44 254 178   0
  0 178 255 255 255 255  74   0   0   0   0   0  21 254 178   0
  0 178 255 255 255 255 153   0   0   0   0   0  78 255 178   0
  0 178 255 255 255 255 245  50   0   0   0  31 213 255 178   0
  0 178 255 255 255 255 255 252 153 110 134 230 255 255 178   0
  0 124 178 178 178 178 178 178 178 178 178 178 178 178 124   0
  0   0   0   0   0   0   0   0   0   0   0   0   0   0   0   0

 68  68  68  68  68  68  68  68  68  68  68  68  68  68  68  68
 68 159 198 198 198 198 198 198 198 198 198 198 198 198 159  68
 68 198 255 255 255 255 255 255 255 254 254 255 255 255 198  68
 68 198 255 255 255 255 255 254 226 227 229 228 237 255 198  68
 68 198 255 255 255 255 255 226 252 254 254 254 233 242 198  68
 68 198 255 255 255 254 253 228 254 254 254 254 254 229 198  68
 68 198 255 254 245 237 237 237 252 254 254 254 254 229 198  68
 68 198 255 245 234 234 234 234 239 253 254 254 253 226 198  68
 68 198 254 235 234 234 234 234 234 249 254 254 223 253 198  68
 68 198 254 234 234 234 234 234 234 233 228 227 248 255 198  68
 68 198 254 237 234 234 234 234 234 252 255 255 255 255 198  68
 68 198 255 250 235 234 234 234 244 255 255 255 255 255 198  68
 68 198 255 255 251 246 243 251 254 255 255 255 255 255 198  68
 68 198 255 255 255 255 255 255 255 255 255 255 255 255 198  68
 68 159 198 198 198 198 198 198 198 198 198 198 198 198 159  68
 68  68  68  68  68  68  68  68  68  68  68  68  68  68  68  68
154 154 154 154 154 154 154 154 154 154 154 154 154 154 154 154
154 202 224 224 224 224 224 224 224 224 224 224 224 224 202 154
154 224 255 255 255 255 255 255 255 254 254 255 255 255 224 154
154 224 255 255 255 255 255 254 177  65  42  99 226 255 224 154
154 224 255 255 255 255 255 183   0   0   0   0  47 239 224 154
154 224 255 255 255 254 253  45   0   0   0   0   0 154 224 154
154 224 255 253 217 177 177 130  23   0   0   0   0 129 224 154
154 224 255 215 160 160 160 160 142  12   0   0   0 175 224 154
154 224 253 166 160 160 160 160 160  63   0   0  75 253 224 154
154 224 254 162 160 160 160 160 160 150  95 174 250 255 224 154
154 224 254 176 160 160 160 160 164 244 255 255 255 255 224 154
154 224 255 239 166 160 160 160 212 255 255 255 255 255 224 154
154 224 255 255 243 219 207 241 254 255 255 255 255 255 224 154
154 224 255 255 255 255 255 255 255 255 255 255 255 255 224 154
154 202 224 224 224 224 224 224 224 224 224 224 224 224 202 154
154 154 154 154 154 154 154 154 154 154 154 154 154 154 154 154
  0   0   0   0   0   0   0   0   0   0   0   0   0   0   0   0
  0 124 178 178 178 178 178 178 178 178 178 178 178 178 124   0
  0 178 255 255 255 255 255 255 255 254 254 255 255 255 178   0
  0 178 255 255 255 255 255 253 155  44  21  78 213 255 178   0
  0 178 255 255 255 255 255 161   0   0   0   0  31 230 178   0
  0 178 255 255 255 248 251  24   0   0   0   0   0 134 178   0
  0 178 255 241 121  19  16   0   0   0   0   0   0 110 178   0
  0 178 255 111   0   0   0   0   0   0   0   0   0 153 178   0
  0 178 228   4   0   0   0   0   0   0   0   0  50 252 178   0
  0 178 229   0   0   0   0   0   0  59  74 153 245 255 178   0
  0 178 251  13   0   0   0   0   1 200 255 255 255 255 178   0
  0 178 255 183   4   0   0   0  99 255 255 255 255 255 178   0
  0 178 255 255 197 126  93 186 254 255 255 255 255 255 178   0
  0 178 255 255 255 255 255 255 255 255 255 255 255 255 178   0
  0 124 178 178 178 178 178 178 178 178 178 178 178 178 124   0
  0   0   0   0   0   0   0   0   0   0   0   0   0   0   0   0
